6.249301256776101932e-01
5.752174935562752722e-01
4.883328946804104675e-01
4.465902264992485105e-01
3.502440980668235504e-01
3.063746383680528429e-01
2.712903284238424306e-01
2.528388372561511388e-01
2.353783837478428953e-01
2.458444968213289172e-01
2.435310551782303434e-01
2.141528829149682844e-01
2.174837704373341063e-01
2.088007732678478501e-01
2.003021648316557213e-01
1.864317548142917502e-01
1.925092775237094433e-01
1.886427652618756778e-01
1.741157159516225905e-01
1.690508472163677889e-01
1.728814139712307185e-01
1.743672270991508122e-01
1.540069204555147286e-01
1.669171322390287926e-01
1.680789399906460757e-01
1.711601780517953419e-01
1.587627704823378894e-01
1.789555744358738709e-01
1.946478846177794597e-01
1.790686380131248090e-01
2.005774358467834750e-01
2.271281710873007953e-01
2.115731207608480546e-01
2.030807063771770671e-01
2.261273170255627130e-01
2.805245558440583875e-01
3.375248480425797060e-01
4.420986879184035656e-01
5.169266300511917711e-01
6.020058110357013881e-01
6.962365235257188534e-01
7.750081559757570071e-01
8.301625944118445899e-01
7.525121250166028064e-01
6.756472244397530025e-01
5.841705339680988152e-01
5.139947552187543733e-01
4.257394352100584700e-01
3.312884134587258944e-01
2.355006806923887475e-01
2.114828993918113909e-01
1.904262828469949764e-01
1.848044065141286330e-01
2.145006563449189108e-01
2.084649817146760342e-01
1.961782668803503105e-01
2.229405046272974755e-01
2.303418616861546420e-01
2.212698338302731549e-01
2.463576605690868115e-01
2.422223577590113530e-01
2.535893643140760267e-01
2.406753300177507660e-01
2.269480204965824421e-01
2.159707964115475942e-01
2.090669240873210266e-01
2.146220609931225598e-01
1.998461122149930436e-01
1.881476869043758604e-01
1.808824085092816392e-01
1.772629183169520672e-01
1.702938748969710370e-01
1.571981236809059657e-01
1.605025708914098181e-01
1.602924075301523643e-01
1.548393096945895608e-01
1.478048892547730864e-01
1.558230719052708102e-01
1.603133392164538540e-01
1.436953311208348794e-01
1.515814321534214859e-01
1.593351031284775399e-01
1.612044402736617088e-01
1.301894941750483259e-01
1.341375948522357531e-01
1.424906256918169745e-01
1.329687323158369461e-01
1.394521410325855748e-01
1.405278457897943534e-01
1.306742243504912249e-01
1.344552004635516107e-01
1.363056112739386150e-01
1.313628784381379033e-01
1.294431434784341362e-01
1.374144728454777808e-01
1.392179402950468048e-01
1.375618963288103846e-01
1.430224128713479259e-01
1.528408531739346432e-01
1.568561118071232774e-01
1.634592138211450052e-01
1.697124989459216915e-01
1.781623745264626635e-01
1.906429818340795446e-01
1.982922853974720678e-01
1.988796385278533418e-01
2.042639201788359893e-01
2.143021118781910095e-01
2.136824686728013012e-01
2.058309214619146177e-01
2.008663704995903021e-01
1.865849450101619567e-01
1.905856121660456926e-01
2.005094119192618041e-01
1.973202682569547839e-01
1.837822563034619272e-01
1.937071729559273481e-01
1.934782747234393419e-01
1.777260247701983320e-01
1.787858260846259262e-01
1.759969300894912159e-01
1.685976149894394815e-01
1.573748452079155313e-01
1.681853327233684692e-01
1.675361332057148656e-01
1.563732303265423229e-01
1.568870894853957865e-01
1.721967004479507679e-01
1.648618956466340046e-01
1.519020913444509013e-01
1.702110324736946234e-01
1.738135125533813719e-01
1.528505719213375247e-01
1.275330369703111255e-01
1.162091664093834881e-01
1.095467457815069712e-01
9.692022373704950455e-02
1.039226335376278731e-01
1.134382153103694751e-01
1.136701969460147121e-01
1.210249516512629520e-01
1.121455029969366524e-01
1.064173655069362429e-01
1.149453804180918248e-01
1.180550600105625125e-01
1.126094934338036646e-01
1.075986995790785550e-01
1.219846396810515959e-01
1.078360710906420272e-01
1.095662369703437750e-01
1.141865073635405514e-01
1.281755404163532064e-01
1.286290941290995082e-01
1.321357281657781768e-01
1.341065036897340912e-01
1.344301739882282354e-01
1.200390666170454285e-01
1.209994013156033554e-01
1.229889757928000621e-01
1.194372709977644248e-01
1.077856648732256895e-01
1.100891869642901394e-01
1.226010835511399666e-01
1.125203484529290338e-01
1.306547035339573337e-01
1.384690326880066713e-01
1.450866570561317737e-01
1.332149799697348314e-01
1.584014615830305062e-01
1.610418358047690512e-01
1.702600406274086264e-01
1.397307952228968309e-01
1.278173191972030998e-01
1.213888514395665419e-01
1.371925376752063108e-01
1.266309271653806023e-01
1.656477007107932109e-01
2.073121498642810367e-01
2.090450203286785824e-01
2.406665721500411692e-01
2.378478304077392969e-01
2.355309564696383418e-01
2.241270170497400016e-01
1.990296869536202773e-01
1.761390380699398572e-01
1.527932391447396898e-01
1.421759033282835871e-01
1.325022937959561831e-01
1.315568666764449501e-01
1.491615590654167822e-01
1.517736234199581480e-01
1.571226200429665376e-01
1.681187088266516694e-01
2.071130453445406694e-01
2.381062960257104288e-01
2.362820964353685715e-01
2.469432535417290520e-01
2.548244003219771181e-01
2.603053400504479753e-01
2.826702936676292466e-01
2.852237423409911821e-01
2.883560305893336784e-01
2.816779468097899142e-01
3.031040582088248003e-01
3.066054543795687093e-01
3.433764876476305683e-01
3.250615417782621308e-01
3.553050781670690217e-01
3.580235550589638827e-01
3.308839403000127799e-01
2.977668700216379305e-01
2.801791547688499140e-01
2.519456246845087066e-01
2.269980134803084304e-01
2.185448964174346309e-01
2.170610283158480869e-01
2.244295460217613225e-01
2.345174579232776058e-01
2.347192750282470763e-01
2.408681108453440689e-01
2.518710626841260125e-01
2.702332413438819914e-01
2.792100327420092287e-01
2.949666966701042781e-01
2.953867879287860321e-01
3.237636023644053784e-01
3.423447749098180726e-01
3.440445648533119738e-01
3.304893253353122784e-01
3.402156984169540932e-01
3.432057503888996663e-01
3.457438679479445387e-01
3.535792853099573030e-01
3.680460536923560455e-01
3.526045617312938973e-01
3.699141778297510563e-01
3.760183435452999490e-01
3.687792481372459408e-01
3.621463974010085130e-01
3.494157121418676737e-01
3.829399302413786788e-01
3.636829870060607206e-01
3.388254677787255198e-01
2.736153890016383428e-01
2.528746770205462235e-01
2.435612229281933494e-01
2.388033070933040236e-01
2.416807358634446845e-01
2.472781763918165954e-01
2.639595907111350059e-01
2.746489338762709842e-01
2.934204805265174243e-01
3.260314824438699799e-01
3.475354111722298023e-01
3.640872886945552001e-01
3.661729876617473844e-01
3.619662254282425273e-01
3.538665987132102453e-01
3.661903509811791357e-01
3.760089456387508688e-01
3.785016288047585165e-01
3.630898760165667261e-01
3.641811278189047707e-01
3.900585090952857770e-01
3.930253856847949478e-01
3.619713013971292415e-01
3.905871423866914549e-01
3.534379014127898566e-01
3.747258318871072302e-01
3.041686002126128274e-01
2.799754150874968484e-01
2.610595884893839869e-01
2.461294447649347572e-01
2.443295844157692964e-01
2.434034658615684410e-01
2.545023470970113055e-01
2.703523431651126407e-01
2.799788515905534125e-01
3.516356724840034587e-01
3.890102414269215880e-01
4.323583414856059792e-01
3.933142694035073328e-01
3.758701138200478686e-01
3.435785409165981186e-01
3.225343335919830801e-01
3.281543287750522953e-01
3.066715987808621979e-01
2.832691343545281626e-01
2.748905709514785634e-01
2.690698249644357110e-01
2.578877152269936635e-01
2.455181975537133188e-01
2.433291448637540100e-01
2.360775023914956361e-01
2.256826251613523460e-01
2.368779562458631360e-01
2.423513482920700290e-01
2.506102759322191842e-01
2.618317817636249822e-01
2.998184744332137996e-01
3.405073471254854711e-01
3.793134985619657784e-01
4.512486206671553202e-01
4.348716705540244809e-01
4.165680011624723345e-01
3.762875437649183530e-01
3.506164235643456362e-01
3.373301365197889923e-01
3.466874022995620752e-01
3.475819802872526232e-01
3.279325525594649626e-01
3.210686895764157667e-01
3.094095460233338146e-01
2.938059565199976908e-01
2.710685586627523680e-01
2.466416766561193019e-01
2.357193295245606779e-01
2.181142540936402974e-01
1.985322965283309593e-01
1.963937440445897853e-01
2.056361924021825882e-01
2.117715756354278112e-01
2.330634407306875766e-01
2.453909113277272513e-01
2.607614827667008028e-01
2.587810047954712811e-01
2.522278139659840379e-01
2.381256840073915082e-01
2.219892152358476090e-01
2.003788209674199905e-01
1.855640939619617735e-01
1.721554387712753986e-01
1.730301526456107797e-01
1.889376090457800250e-01
2.141459056759327240e-01
2.393753346153268402e-01
2.711223184930348640e-01
2.995886143244858579e-01
3.113640158374327838e-01
2.929563888298141738e-01
2.725590400333365859e-01
3.008905155172562074e-01
2.997459835357442204e-01
2.957631351946505283e-01
2.652366859373325725e-01
3.038176868612323944e-01
3.081895647703462582e-01
3.047498635779250509e-01
3.131139058839131906e-01
3.340193386960264577e-01
3.441371890477373241e-01
3.467347325509336220e-01
3.595197370768127287e-01
3.761439760781412622e-01
3.925980841586083625e-01
4.318876435170178052e-01
4.366450834572612738e-01
4.372248948666089263e-01
4.243669757462275038e-01
4.097823997436378929e-01
3.906042622186549629e-01
3.798769313528924663e-01
3.589648348356949681e-01
3.315992774782907659e-01
3.175201691105752344e-01
2.905406962166737772e-01
2.680649183567276328e-01
2.554245058526936063e-01
2.255475316874778480e-01
1.941499273991051100e-01
1.909027367879687354e-01
1.930155383093034027e-01
1.429373774444776812e-01
1.390880032229213359e-01
1.265440634111258122e-01
1.216119534933513130e-01
1.375663798590292530e-01
1.504290626752272653e-01
1.736847116206352848e-01
1.779720849921358206e-01
2.132857756461390142e-01
2.235402676604458239e-01
2.541743283133433562e-01
2.475327831300615788e-01
2.466655303435902891e-01
2.358338739683477070e-01
2.241572761504889155e-01
2.014771495233062815e-01
1.999655749089084000e-01
1.827345832610985932e-01
1.651378008058564939e-01
1.452620503935415641e-01
1.368087152589071709e-01
1.192829476926205445e-01
1.081635289895550162e-01
9.349079517127989458e-02
9.601205910511954877e-02
9.398600224784577073e-02
8.726540991534578739e-02
7.882227771284677775e-02
8.206135183427802626e-02
8.666681344695896516e-02
8.569718955803908023e-02
8.492590656588305809e-02
8.991210809088671929e-02
9.306062073568055482e-02
9.632757538024226684e-02
9.622625114455746198e-02
1.015109256515037972e-01
1.020733807038410879e-01
1.112137893658052268e-01
1.322835332636088101e-01
1.254669987306993029e-01
1.308222610189101465e-01
1.303355991602048736e-01
1.338404312863822054e-01
1.307663921644454386e-01
1.384484280969981718e-01
1.427712707013987781e-01
1.554651934344462305e-01
1.550079557285680698e-01
1.580055813885008209e-01
1.915420722485161320e-01
2.167741104067967273e-01
2.723970093882612797e-01
3.429958057752708900e-01
4.164937724197722568e-01
4.164937724197724234e-01
3.042356523679457525e-01
2.397871305354981608e-01
2.831527693095863274e-01
2.491551756304582754e-01
2.363677392259345145e-01
2.117917993672497334e-01
2.165572818495558882e-01
2.116179211324994147e-01
2.018124203901747737e-01
1.904101135151550495e-01
1.807617523588632424e-01
1.749518205091056822e-01
1.586644913724329364e-01
1.548889954171530914e-01
1.487370631613208205e-01
1.448495522923320122e-01
1.348385865516816273e-01
1.320511674195838370e-01
1.333465494633626625e-01
1.320497567272760631e-01
1.368524833600041068e-01
1.424782895475948663e-01
1.737785680496444496e-01
1.698577625488096043e-01
1.800696375460381637e-01
1.977272671248339608e-01
2.121750604054408185e-01
2.041300634145994108e-01
2.187516967242576216e-01
2.330347636969814784e-01
2.367293670191999710e-01
2.365507353742673513e-01
2.277530821876675438e-01
2.380168485154919855e-01
2.478992297495354324e-01
2.404386633523469541e-01
2.254902846047623366e-01
2.358510707646145621e-01
2.343360824247692764e-01
2.101101446667459904e-01
1.902805816387484472e-01
2.352225133107307964e-01
2.291421650300846102e-01
2.450548826395749780e-01
2.674813447675671862e-01
1.998401865587743353e-01
2.135345876914515884e-01
2.027715500435555429e-01
2.566062674685386513e-01
2.740377301015437528e-01
2.649338296017000882e-01
3.109950896729112846e-01
3.364335241194690851e-01
3.143156759656638988e-01
3.072340119187318974e-01
2.817335638631465189e-01
2.318246307329950850e-01
1.980919847574807713e-01
1.702131759860205651e-01
1.645816801081313729e-01
1.835340814774530649e-01
1.765481256063262949e-01
1.358390869929216593e-01
1.450337096985399310e-01
1.198029541773659168e-01
1.062757491212273503e-01
9.315431132540498427e-02
1.021397975786055012e-01
1.040183482194664971e-01
1.150244321789249263e-01
1.142687285040948353e-01
1.165964495054318956e-01
1.268144892399103996e-01
1.301651015029113845e-01
1.304710011854240126e-01
1.311054126531229769e-01
1.399028244123329545e-01
1.383770317085438184e-01
1.432451830242858215e-01
1.475451924810101123e-01
1.486889355879604246e-01
1.501735432938198500e-01
1.550333273631327446e-01
1.614686793463121495e-01
1.642708216906261232e-01
1.658569573410192677e-01
1.697473964632557064e-01
1.833257118803434393e-01
2.267598433759904775e-01
2.709700552129316042e-01
3.134353389408650603e-01
3.650456641577388139e-01
3.884178948134218712e-01
5.622881983256651228e-01
5.533379842827460537e-01
7.236680252722234030e-01
